 8   0:12:18  (  1.01,  7.53)     0
 8   0:12:33  (  2.36,  9.61)    15
 8   0:12:59  ( -6.12, 10.44)    26
 8   0:13:05  ( -6.38, 10.87)     6
12   1:36:18  ( -0.96, -0.72)     0
12   1:37:14  (  0.48,  0.99)    56
12   1:38:02  (  0.48,  0.99)    48
12   1:39:42  ( 11.14,  7.45)   100
 2   4:26:88  (  2.29, -3.16)     0
 3   5:22:22  (  8.86,  0.87)     0
 3   5:27:00  (  0.46,-12.09)   278
17  23:55:16  (  5.65,  5.09)     0
17  23:59:22  (  7.22,  2.37)   246
17   0:01:18  (  6.12,  4.51)   116
17   0:02:26  (  2.76, -7.08)    68
